{
 "cells": [
  {
   "cell_type": "code",
   "execution_count": 1,
   "outputs": [],
   "source": [
    "from ResearchMain import *"
   ],
   "metadata": {
    "collapsed": false,
    "pycharm": {
     "name": "#%%\n"
    }
   }
  },
  {
   "cell_type": "code",
   "execution_count": 2,
   "outputs": [],
   "source": [
    "FOLDER_PATH = '小论文/'\n",
    "EXPORT_PATH += FOLDER_PATH"
   ],
   "metadata": {
    "collapsed": false,
    "pycharm": {
     "name": "#%%\n"
    }
   }
  },
  {
   "cell_type": "code",
   "execution_count": 18,
   "outputs": [
    {
     "data": {
      "text/plain": "       W-pH  W-DO      W-TN  W-NO_{2}^{-}  W-NO_{3}^{-}  W-NH_{4}^{+}  W-COD  \\\nID                                                                             \nL-N1   8.13  7.64  2.822868        0.0291         0.109         2.028  12.91   \nL-N2   8.20  7.43  2.724786        0.0060         0.105         1.988  12.70   \nL-N3   8.43  7.35  2.560904        0.0000         0.130         1.909  13.09   \nL-N4   8.44  7.16  2.526009        0.2550         0.141         2.161  12.51   \nL-N5   8.30  7.59  2.496300        0.0779         0.107         1.789  12.69   \nL-N6   8.39  8.14  2.457938        0.0122         0.132         1.842  13.04   \nL-N7   8.65  7.98  2.329974        0.0000         0.151         2.081  12.82   \nL-N8   8.38  7.82  2.320129        0.0987         0.150         1.630  12.73   \nL-N9   8.17  7.32  2.207525        0.0314         0.126         1.803  12.76   \nL-N10  8.25  7.52  2.329974        0.0889         0.123         2.081  12.96   \nL-N11  8.19  7.22  2.320129        0.0540         0.445         1.630  13.08   \nL-N12  8.17  7.32  2.207525        0.0340         0.345         1.803  12.94   \nL-P1   9.11  8.02  2.374400        0.0203         0.134         2.000  12.42   \nL-P2   9.10  8.37  2.349181        0.0195         0.117         1.880  12.38   \nL-P3   8.55  8.28  2.144786        0.0264         0.114         2.070  12.48   \nL-P4   8.37  8.66  2.219100        0.0959         0.113         1.510  12.42   \nL-P5   8.34  8.16  2.114266        0.0990         0.117         1.800  12.40   \nL-P6   8.25  8.08  2.357951        0.0929         0.098         1.810  12.18   \nL-P7   8.30  8.59  2.279794        0.0845         0.098         2.140  12.52   \nL-P8   8.32  8.58  2.361871        0.0822         0.088         1.560  12.44   \nL-P9   8.29  8.36  2.027600        0.0990         0.098         2.000  12.24   \nL-P10  7.73  8.18  2.279794        0.0932         0.123         2.140  12.44   \nL-P11  7.49  8.35  2.361871        0.0856         0.122         1.560  12.34   \nL-P12  7.37  8.35  2.027600        0.0830         0.131         2.000  12.56   \nL-H1   7.06  8.02  2.660000        0.0195         0.090         1.390  11.92   \nL-H2   7.98  8.37  2.500000        0.0195         0.070         1.190  12.10   \nL-H3   7.84  8.28  1.940000        0.0203         0.074         1.350  12.32   \nL-H4   7.62  8.66  1.910000        0.0201         0.138         1.200  12.24   \nL-H5   7.86  8.60  1.900000        0.0390         0.174         1.310  12.08   \nL-H6   7.87  8.43  1.870000        0.0193         0.121         1.180  12.22   \nL-H7   7.38  8.43  1.920000        0.0232         0.128         1.270  12.26   \nL-H8   7.26  8.64  1.920000        0.0195         0.121         1.150  12.08   \nL-H9   7.84  8.61  1.980000        0.0200         0.125         1.430  12.32   \nL-H10  7.35  8.27  1.650000        0.0195         0.109         1.220  12.38   \nL-H11  7.95  8.48  2.590000        0.0236         0.114         1.270  12.26   \nL-H12  7.98  8.77  2.500000        0.0395         0.084         1.300   8.72   \n\n       W-PO_{4}^{3-}  W-TP   W-T  S-TN     S-TP  \nID                                               \nL-N1           0.013  0.21  19.4  1585   765.71  \nL-N2           0.016  0.15  19.7   705   773.14  \nL-N3           0.015  0.24  18.7  1640   793.71  \nL-N4           0.015  0.09  19.7  2135   777.14  \nL-N5           0.018  0.26  19.3  2135   861.14  \nL-N6           0.016  0.13  18.9   375   814.86  \nL-N7           0.018  0.24  20.5  1850   911.43  \nL-N8           0.019  0.20  19.9  1850   932.57  \nL-N9           0.013  0.16  19.7   540   752.00  \nL-N10          0.010  0.15  19.3  1850   911.43  \nL-N11          0.018  0.15  20.0  1850   932.57  \nL-N12          0.018  0.17  20.1   540   752.00  \nL-P1           0.011  0.06  19.0   210   746.29  \nL-P2           0.013  0.11  19.3   485   757.71  \nL-P3           0.014  0.09  19.8   540   735.43  \nL-P4           0.012  0.08  19.5  1145   738.86  \nL-P5           0.015  0.02  20.0  1310   781.14  \nL-P6           0.014  0.12  19.5   430   784.57  \nL-P7           0.009  0.13  19.9  1695   817.14  \nL-P8           0.013  0.12  20.1  1320   864.00  \nL-P9           0.012  0.05  18.8  1260   788.00  \nL-P10          0.011  0.04  19.9  1695   847.43  \nL-P11          0.012  0.08  20.5  1320   788.00  \nL-P12          0.016  0.11  19.9  2260   847.43  \nL-H1           0.014  0.04  19.1  2655   776.00  \nL-H2           0.009  0.06  19.7  2080   886.29  \nL-H3           0.010  0.08  19.3  1775   796.57  \nL-H4           0.009  0.09  19.6  1840   761.14  \nL-H5           0.009  0.07  19.7   870   969.71  \nL-H6           0.008  0.08  19.6  2355   814.29  \nL-H7           0.006  0.08  19.7  1490   849.14  \nL-H8           0.007  0.06  18.4   755  1003.43  \nL-H9           0.008  0.09  19.2  1805   962.29  \nL-H10          0.010  0.03  19.5  1035   860.00  \nL-H11          0.011  0.02  19.5   885   841.14  \nL-H12          0.011  0.04  20.3  1435   921.14  ",
      "text/html": "<div>\n<style scoped>\n    .dataframe tbody tr th:only-of-type {\n        vertical-align: middle;\n    }\n\n    .dataframe tbody tr th {\n        vertical-align: top;\n    }\n\n    .dataframe thead th {\n        text-align: right;\n    }\n</style>\n<table border=\"1\" class=\"dataframe\">\n  <thead>\n    <tr style=\"text-align: right;\">\n      <th></th>\n      <th>W-pH</th>\n      <th>W-DO</th>\n      <th>W-TN</th>\n      <th>W-NO_{2}^{-}</th>\n      <th>W-NO_{3}^{-}</th>\n      <th>W-NH_{4}^{+}</th>\n      <th>W-COD</th>\n      <th>W-PO_{4}^{3-}</th>\n      <th>W-TP</th>\n      <th>W-T</th>\n      <th>S-TN</th>\n      <th>S-TP</th>\n    </tr>\n    <tr>\n      <th>ID</th>\n      <th></th>\n      <th></th>\n      <th></th>\n      <th></th>\n      <th></th>\n      <th></th>\n      <th></th>\n      <th></th>\n      <th></th>\n      <th></th>\n      <th></th>\n      <th></th>\n    </tr>\n  </thead>\n  <tbody>\n    <tr>\n      <th>L-N1</th>\n      <td>8.13</td>\n      <td>7.64</td>\n      <td>2.822868</td>\n      <td>0.0291</td>\n      <td>0.109</td>\n      <td>2.028</td>\n      <td>12.91</td>\n      <td>0.013</td>\n      <td>0.21</td>\n      <td>19.4</td>\n      <td>1585</td>\n      <td>765.71</td>\n    </tr>\n    <tr>\n      <th>L-N2</th>\n      <td>8.20</td>\n      <td>7.43</td>\n      <td>2.724786</td>\n      <td>0.0060</td>\n      <td>0.105</td>\n      <td>1.988</td>\n      <td>12.70</td>\n      <td>0.016</td>\n      <td>0.15</td>\n      <td>19.7</td>\n      <td>705</td>\n      <td>773.14</td>\n    </tr>\n    <tr>\n      <th>L-N3</th>\n      <td>8.43</td>\n      <td>7.35</td>\n      <td>2.560904</td>\n      <td>0.0000</td>\n      <td>0.130</td>\n      <td>1.909</td>\n      <td>13.09</td>\n      <td>0.015</td>\n      <td>0.24</td>\n      <td>18.7</td>\n      <td>1640</td>\n      <td>793.71</td>\n    </tr>\n    <tr>\n      <th>L-N4</th>\n      <td>8.44</td>\n      <td>7.16</td>\n      <td>2.526009</td>\n      <td>0.2550</td>\n      <td>0.141</td>\n      <td>2.161</td>\n      <td>12.51</td>\n      <td>0.015</td>\n      <td>0.09</td>\n      <td>19.7</td>\n      <td>2135</td>\n      <td>777.14</td>\n    </tr>\n    <tr>\n      <th>L-N5</th>\n      <td>8.30</td>\n      <td>7.59</td>\n      <td>2.496300</td>\n      <td>0.0779</td>\n      <td>0.107</td>\n      <td>1.789</td>\n      <td>12.69</td>\n      <td>0.018</td>\n      <td>0.26</td>\n      <td>19.3</td>\n      <td>2135</td>\n      <td>861.14</td>\n    </tr>\n    <tr>\n      <th>L-N6</th>\n      <td>8.39</td>\n      <td>8.14</td>\n      <td>2.457938</td>\n      <td>0.0122</td>\n      <td>0.132</td>\n      <td>1.842</td>\n      <td>13.04</td>\n      <td>0.016</td>\n      <td>0.13</td>\n      <td>18.9</td>\n      <td>375</td>\n      <td>814.86</td>\n    </tr>\n    <tr>\n      <th>L-N7</th>\n      <td>8.65</td>\n      <td>7.98</td>\n      <td>2.329974</td>\n      <td>0.0000</td>\n      <td>0.151</td>\n      <td>2.081</td>\n      <td>12.82</td>\n      <td>0.018</td>\n      <td>0.24</td>\n      <td>20.5</td>\n      <td>1850</td>\n      <td>911.43</td>\n    </tr>\n    <tr>\n      <th>L-N8</th>\n      <td>8.38</td>\n      <td>7.82</td>\n      <td>2.320129</td>\n      <td>0.0987</td>\n      <td>0.150</td>\n      <td>1.630</td>\n      <td>12.73</td>\n      <td>0.019</td>\n      <td>0.20</td>\n      <td>19.9</td>\n      <td>1850</td>\n      <td>932.57</td>\n    </tr>\n    <tr>\n      <th>L-N9</th>\n      <td>8.17</td>\n      <td>7.32</td>\n      <td>2.207525</td>\n      <td>0.0314</td>\n      <td>0.126</td>\n      <td>1.803</td>\n      <td>12.76</td>\n      <td>0.013</td>\n      <td>0.16</td>\n      <td>19.7</td>\n      <td>540</td>\n      <td>752.00</td>\n    </tr>\n    <tr>\n      <th>L-N10</th>\n      <td>8.25</td>\n      <td>7.52</td>\n      <td>2.329974</td>\n      <td>0.0889</td>\n      <td>0.123</td>\n      <td>2.081</td>\n      <td>12.96</td>\n      <td>0.010</td>\n      <td>0.15</td>\n      <td>19.3</td>\n      <td>1850</td>\n      <td>911.43</td>\n    </tr>\n    <tr>\n      <th>L-N11</th>\n      <td>8.19</td>\n      <td>7.22</td>\n      <td>2.320129</td>\n      <td>0.0540</td>\n      <td>0.445</td>\n      <td>1.630</td>\n      <td>13.08</td>\n      <td>0.018</td>\n      <td>0.15</td>\n      <td>20.0</td>\n      <td>1850</td>\n      <td>932.57</td>\n    </tr>\n    <tr>\n      <th>L-N12</th>\n      <td>8.17</td>\n      <td>7.32</td>\n      <td>2.207525</td>\n      <td>0.0340</td>\n      <td>0.345</td>\n      <td>1.803</td>\n      <td>12.94</td>\n      <td>0.018</td>\n      <td>0.17</td>\n      <td>20.1</td>\n      <td>540</td>\n      <td>752.00</td>\n    </tr>\n    <tr>\n      <th>L-P1</th>\n      <td>9.11</td>\n      <td>8.02</td>\n      <td>2.374400</td>\n      <td>0.0203</td>\n      <td>0.134</td>\n      <td>2.000</td>\n      <td>12.42</td>\n      <td>0.011</td>\n      <td>0.06</td>\n      <td>19.0</td>\n      <td>210</td>\n      <td>746.29</td>\n    </tr>\n    <tr>\n      <th>L-P2</th>\n      <td>9.10</td>\n      <td>8.37</td>\n      <td>2.349181</td>\n      <td>0.0195</td>\n      <td>0.117</td>\n      <td>1.880</td>\n      <td>12.38</td>\n      <td>0.013</td>\n      <td>0.11</td>\n      <td>19.3</td>\n      <td>485</td>\n      <td>757.71</td>\n    </tr>\n    <tr>\n      <th>L-P3</th>\n      <td>8.55</td>\n      <td>8.28</td>\n      <td>2.144786</td>\n      <td>0.0264</td>\n      <td>0.114</td>\n      <td>2.070</td>\n      <td>12.48</td>\n      <td>0.014</td>\n      <td>0.09</td>\n      <td>19.8</td>\n      <td>540</td>\n      <td>735.43</td>\n    </tr>\n    <tr>\n      <th>L-P4</th>\n      <td>8.37</td>\n      <td>8.66</td>\n      <td>2.219100</td>\n      <td>0.0959</td>\n      <td>0.113</td>\n      <td>1.510</td>\n      <td>12.42</td>\n      <td>0.012</td>\n      <td>0.08</td>\n      <td>19.5</td>\n      <td>1145</td>\n      <td>738.86</td>\n    </tr>\n    <tr>\n      <th>L-P5</th>\n      <td>8.34</td>\n      <td>8.16</td>\n      <td>2.114266</td>\n      <td>0.0990</td>\n      <td>0.117</td>\n      <td>1.800</td>\n      <td>12.40</td>\n      <td>0.015</td>\n      <td>0.02</td>\n      <td>20.0</td>\n      <td>1310</td>\n      <td>781.14</td>\n    </tr>\n    <tr>\n      <th>L-P6</th>\n      <td>8.25</td>\n      <td>8.08</td>\n      <td>2.357951</td>\n      <td>0.0929</td>\n      <td>0.098</td>\n      <td>1.810</td>\n      <td>12.18</td>\n      <td>0.014</td>\n      <td>0.12</td>\n      <td>19.5</td>\n      <td>430</td>\n      <td>784.57</td>\n    </tr>\n    <tr>\n      <th>L-P7</th>\n      <td>8.30</td>\n      <td>8.59</td>\n      <td>2.279794</td>\n      <td>0.0845</td>\n      <td>0.098</td>\n      <td>2.140</td>\n      <td>12.52</td>\n      <td>0.009</td>\n      <td>0.13</td>\n      <td>19.9</td>\n      <td>1695</td>\n      <td>817.14</td>\n    </tr>\n    <tr>\n      <th>L-P8</th>\n      <td>8.32</td>\n      <td>8.58</td>\n      <td>2.361871</td>\n      <td>0.0822</td>\n      <td>0.088</td>\n      <td>1.560</td>\n      <td>12.44</td>\n      <td>0.013</td>\n      <td>0.12</td>\n      <td>20.1</td>\n      <td>1320</td>\n      <td>864.00</td>\n    </tr>\n    <tr>\n      <th>L-P9</th>\n      <td>8.29</td>\n      <td>8.36</td>\n      <td>2.027600</td>\n      <td>0.0990</td>\n      <td>0.098</td>\n      <td>2.000</td>\n      <td>12.24</td>\n      <td>0.012</td>\n      <td>0.05</td>\n      <td>18.8</td>\n      <td>1260</td>\n      <td>788.00</td>\n    </tr>\n    <tr>\n      <th>L-P10</th>\n      <td>7.73</td>\n      <td>8.18</td>\n      <td>2.279794</td>\n      <td>0.0932</td>\n      <td>0.123</td>\n      <td>2.140</td>\n      <td>12.44</td>\n      <td>0.011</td>\n      <td>0.04</td>\n      <td>19.9</td>\n      <td>1695</td>\n      <td>847.43</td>\n    </tr>\n    <tr>\n      <th>L-P11</th>\n      <td>7.49</td>\n      <td>8.35</td>\n      <td>2.361871</td>\n      <td>0.0856</td>\n      <td>0.122</td>\n      <td>1.560</td>\n      <td>12.34</td>\n      <td>0.012</td>\n      <td>0.08</td>\n      <td>20.5</td>\n      <td>1320</td>\n      <td>788.00</td>\n    </tr>\n    <tr>\n      <th>L-P12</th>\n      <td>7.37</td>\n      <td>8.35</td>\n      <td>2.027600</td>\n      <td>0.0830</td>\n      <td>0.131</td>\n      <td>2.000</td>\n      <td>12.56</td>\n      <td>0.016</td>\n      <td>0.11</td>\n      <td>19.9</td>\n      <td>2260</td>\n      <td>847.43</td>\n    </tr>\n    <tr>\n      <th>L-H1</th>\n      <td>7.06</td>\n      <td>8.02</td>\n      <td>2.660000</td>\n      <td>0.0195</td>\n      <td>0.090</td>\n      <td>1.390</td>\n      <td>11.92</td>\n      <td>0.014</td>\n      <td>0.04</td>\n      <td>19.1</td>\n      <td>2655</td>\n      <td>776.00</td>\n    </tr>\n    <tr>\n      <th>L-H2</th>\n      <td>7.98</td>\n      <td>8.37</td>\n      <td>2.500000</td>\n      <td>0.0195</td>\n      <td>0.070</td>\n      <td>1.190</td>\n      <td>12.10</td>\n      <td>0.009</td>\n      <td>0.06</td>\n      <td>19.7</td>\n      <td>2080</td>\n      <td>886.29</td>\n    </tr>\n    <tr>\n      <th>L-H3</th>\n      <td>7.84</td>\n      <td>8.28</td>\n      <td>1.940000</td>\n      <td>0.0203</td>\n      <td>0.074</td>\n      <td>1.350</td>\n      <td>12.32</td>\n      <td>0.010</td>\n      <td>0.08</td>\n      <td>19.3</td>\n      <td>1775</td>\n      <td>796.57</td>\n    </tr>\n    <tr>\n      <th>L-H4</th>\n      <td>7.62</td>\n      <td>8.66</td>\n      <td>1.910000</td>\n      <td>0.0201</td>\n      <td>0.138</td>\n      <td>1.200</td>\n      <td>12.24</td>\n      <td>0.009</td>\n      <td>0.09</td>\n      <td>19.6</td>\n      <td>1840</td>\n      <td>761.14</td>\n    </tr>\n    <tr>\n      <th>L-H5</th>\n      <td>7.86</td>\n      <td>8.60</td>\n      <td>1.900000</td>\n      <td>0.0390</td>\n      <td>0.174</td>\n      <td>1.310</td>\n      <td>12.08</td>\n      <td>0.009</td>\n      <td>0.07</td>\n      <td>19.7</td>\n      <td>870</td>\n      <td>969.71</td>\n    </tr>\n    <tr>\n      <th>L-H6</th>\n      <td>7.87</td>\n      <td>8.43</td>\n      <td>1.870000</td>\n      <td>0.0193</td>\n      <td>0.121</td>\n      <td>1.180</td>\n      <td>12.22</td>\n      <td>0.008</td>\n      <td>0.08</td>\n      <td>19.6</td>\n      <td>2355</td>\n      <td>814.29</td>\n    </tr>\n    <tr>\n      <th>L-H7</th>\n      <td>7.38</td>\n      <td>8.43</td>\n      <td>1.920000</td>\n      <td>0.0232</td>\n      <td>0.128</td>\n      <td>1.270</td>\n      <td>12.26</td>\n      <td>0.006</td>\n      <td>0.08</td>\n      <td>19.7</td>\n      <td>1490</td>\n      <td>849.14</td>\n    </tr>\n    <tr>\n      <th>L-H8</th>\n      <td>7.26</td>\n      <td>8.64</td>\n      <td>1.920000</td>\n      <td>0.0195</td>\n      <td>0.121</td>\n      <td>1.150</td>\n      <td>12.08</td>\n      <td>0.007</td>\n      <td>0.06</td>\n      <td>18.4</td>\n      <td>755</td>\n      <td>1003.43</td>\n    </tr>\n    <tr>\n      <th>L-H9</th>\n      <td>7.84</td>\n      <td>8.61</td>\n      <td>1.980000</td>\n      <td>0.0200</td>\n      <td>0.125</td>\n      <td>1.430</td>\n      <td>12.32</td>\n      <td>0.008</td>\n      <td>0.09</td>\n      <td>19.2</td>\n      <td>1805</td>\n      <td>962.29</td>\n    </tr>\n    <tr>\n      <th>L-H10</th>\n      <td>7.35</td>\n      <td>8.27</td>\n      <td>1.650000</td>\n      <td>0.0195</td>\n      <td>0.109</td>\n      <td>1.220</td>\n      <td>12.38</td>\n      <td>0.010</td>\n      <td>0.03</td>\n      <td>19.5</td>\n      <td>1035</td>\n      <td>860.00</td>\n    </tr>\n    <tr>\n      <th>L-H11</th>\n      <td>7.95</td>\n      <td>8.48</td>\n      <td>2.590000</td>\n      <td>0.0236</td>\n      <td>0.114</td>\n      <td>1.270</td>\n      <td>12.26</td>\n      <td>0.011</td>\n      <td>0.02</td>\n      <td>19.5</td>\n      <td>885</td>\n      <td>841.14</td>\n    </tr>\n    <tr>\n      <th>L-H12</th>\n      <td>7.98</td>\n      <td>8.77</td>\n      <td>2.500000</td>\n      <td>0.0395</td>\n      <td>0.084</td>\n      <td>1.300</td>\n      <td>8.72</td>\n      <td>0.011</td>\n      <td>0.04</td>\n      <td>20.3</td>\n      <td>1435</td>\n      <td>921.14</td>\n    </tr>\n  </tbody>\n</table>\n</div>"
     },
     "execution_count": 18,
     "metadata": {},
     "output_type": "execute_result"
    }
   ],
   "source": [
    "affix_info = all_df.loc[:, ['Period', 'River']]\n",
    "df = pd.concat([overlying_water_env_df.copy(), sediment_env_df.iloc[:, :2]], axis=1)\n",
    "df = df.loc[[row_name for row_name in df.index if row_name.startswith('L')], :]\n",
    "df"
   ],
   "metadata": {
    "collapsed": false,
    "pycharm": {
     "name": "#%%\n"
    }
   }
  },
  {
   "cell_type": "code",
   "execution_count": 19,
   "outputs": [
    {
     "data": {
      "text/plain": "           W-TN  W-NO_{3}^{-}  W-NO_{2}^{-}  W-NH_{4}^{+}  W-COD  W-DO  W-pH  \\\nID                                                                             \nL-N1   2.822868         0.109        0.0291         2.028  12.91  7.64  8.13   \nL-N2   2.724786         0.105        0.0060         1.988  12.70  7.43  8.20   \nL-N3   2.560904         0.130        0.0000         1.909  13.09  7.35  8.43   \nL-N4   2.526009         0.141        0.2550         2.161  12.51  7.16  8.44   \nL-N5   2.496300         0.107        0.0779         1.789  12.69  7.59  8.30   \nL-N6   2.457938         0.132        0.0122         1.842  13.04  8.14  8.39   \nL-N7   2.329974         0.151        0.0000         2.081  12.82  7.98  8.65   \nL-N8   2.320129         0.150        0.0987         1.630  12.73  7.82  8.38   \nL-N9   2.207525         0.126        0.0314         1.803  12.76  7.32  8.17   \nL-N10  2.329974         0.123        0.0889         2.081  12.96  7.52  8.25   \nL-N11  2.320129         0.445        0.0540         1.630  13.08  7.22  8.19   \nL-N12  2.207525         0.345        0.0340         1.803  12.94  7.32  8.17   \nL-P1   2.374400         0.134        0.0203         2.000  12.42  8.02  9.11   \nL-P2   2.349181         0.117        0.0195         1.880  12.38  8.37  9.10   \nL-P3   2.144786         0.114        0.0264         2.070  12.48  8.28  8.55   \nL-P4   2.219100         0.113        0.0959         1.510  12.42  8.66  8.37   \nL-P5   2.114266         0.117        0.0990         1.800  12.40  8.16  8.34   \nL-P6   2.357951         0.098        0.0929         1.810  12.18  8.08  8.25   \nL-P7   2.279794         0.098        0.0845         2.140  12.52  8.59  8.30   \nL-P8   2.361871         0.088        0.0822         1.560  12.44  8.58  8.32   \nL-P9   2.027600         0.098        0.0990         2.000  12.24  8.36  8.29   \nL-P10  2.279794         0.123        0.0932         2.140  12.44  8.18  7.73   \nL-P11  2.361871         0.122        0.0856         1.560  12.34  8.35  7.49   \nL-P12  2.027600         0.131        0.0830         2.000  12.56  8.35  7.37   \nL-H1   2.660000         0.090        0.0195         1.390  11.92  8.02  7.06   \nL-H2   2.500000         0.070        0.0195         1.190  12.10  8.37  7.98   \nL-H3   1.940000         0.074        0.0203         1.350  12.32  8.28  7.84   \nL-H4   1.910000         0.138        0.0201         1.200  12.24  8.66  7.62   \nL-H5   1.900000         0.174        0.0390         1.310  12.08  8.60  7.86   \nL-H6   1.870000         0.121        0.0193         1.180  12.22  8.43  7.87   \nL-H7   1.920000         0.128        0.0232         1.270  12.26  8.43  7.38   \nL-H8   1.920000         0.121        0.0195         1.150  12.08  8.64  7.26   \nL-H9   1.980000         0.125        0.0200         1.430  12.32  8.61  7.84   \nL-H10  1.650000         0.109        0.0195         1.220  12.38  8.27  7.35   \nL-H11  2.590000         0.114        0.0236         1.270  12.26  8.48  7.95   \nL-H12  2.500000         0.084        0.0395         1.300   8.72  8.77  7.98   \n\n        W-T  S-TN     S-TP  \nID                          \nL-N1   19.4  1585   765.71  \nL-N2   19.7   705   773.14  \nL-N3   18.7  1640   793.71  \nL-N4   19.7  2135   777.14  \nL-N5   19.3  2135   861.14  \nL-N6   18.9   375   814.86  \nL-N7   20.5  1850   911.43  \nL-N8   19.9  1850   932.57  \nL-N9   19.7   540   752.00  \nL-N10  19.3  1850   911.43  \nL-N11  20.0  1850   932.57  \nL-N12  20.1   540   752.00  \nL-P1   19.0   210   746.29  \nL-P2   19.3   485   757.71  \nL-P3   19.8   540   735.43  \nL-P4   19.5  1145   738.86  \nL-P5   20.0  1310   781.14  \nL-P6   19.5   430   784.57  \nL-P7   19.9  1695   817.14  \nL-P8   20.1  1320   864.00  \nL-P9   18.8  1260   788.00  \nL-P10  19.9  1695   847.43  \nL-P11  20.5  1320   788.00  \nL-P12  19.9  2260   847.43  \nL-H1   19.1  2655   776.00  \nL-H2   19.7  2080   886.29  \nL-H3   19.3  1775   796.57  \nL-H4   19.6  1840   761.14  \nL-H5   19.7   870   969.71  \nL-H6   19.6  2355   814.29  \nL-H7   19.7  1490   849.14  \nL-H8   18.4   755  1003.43  \nL-H9   19.2  1805   962.29  \nL-H10  19.5  1035   860.00  \nL-H11  19.5   885   841.14  \nL-H12  20.3  1435   921.14  ",
      "text/html": "<div>\n<style scoped>\n    .dataframe tbody tr th:only-of-type {\n        vertical-align: middle;\n    }\n\n    .dataframe tbody tr th {\n        vertical-align: top;\n    }\n\n    .dataframe thead th {\n        text-align: right;\n    }\n</style>\n<table border=\"1\" class=\"dataframe\">\n  <thead>\n    <tr style=\"text-align: right;\">\n      <th></th>\n      <th>W-TN</th>\n      <th>W-NO_{3}^{-}</th>\n      <th>W-NO_{2}^{-}</th>\n      <th>W-NH_{4}^{+}</th>\n      <th>W-COD</th>\n      <th>W-DO</th>\n      <th>W-pH</th>\n      <th>W-T</th>\n      <th>S-TN</th>\n      <th>S-TP</th>\n    </tr>\n    <tr>\n      <th>ID</th>\n      <th></th>\n      <th></th>\n      <th></th>\n      <th></th>\n      <th></th>\n      <th></th>\n      <th></th>\n      <th></th>\n      <th></th>\n      <th></th>\n    </tr>\n  </thead>\n  <tbody>\n    <tr>\n      <th>L-N1</th>\n      <td>2.822868</td>\n      <td>0.109</td>\n      <td>0.0291</td>\n      <td>2.028</td>\n      <td>12.91</td>\n      <td>7.64</td>\n      <td>8.13</td>\n      <td>19.4</td>\n      <td>1585</td>\n      <td>765.71</td>\n    </tr>\n    <tr>\n      <th>L-N2</th>\n      <td>2.724786</td>\n      <td>0.105</td>\n      <td>0.0060</td>\n      <td>1.988</td>\n      <td>12.70</td>\n      <td>7.43</td>\n      <td>8.20</td>\n      <td>19.7</td>\n      <td>705</td>\n      <td>773.14</td>\n    </tr>\n    <tr>\n      <th>L-N3</th>\n      <td>2.560904</td>\n      <td>0.130</td>\n      <td>0.0000</td>\n      <td>1.909</td>\n      <td>13.09</td>\n      <td>7.35</td>\n      <td>8.43</td>\n      <td>18.7</td>\n      <td>1640</td>\n      <td>793.71</td>\n    </tr>\n    <tr>\n      <th>L-N4</th>\n      <td>2.526009</td>\n      <td>0.141</td>\n      <td>0.2550</td>\n      <td>2.161</td>\n      <td>12.51</td>\n      <td>7.16</td>\n      <td>8.44</td>\n      <td>19.7</td>\n      <td>2135</td>\n      <td>777.14</td>\n    </tr>\n    <tr>\n      <th>L-N5</th>\n      <td>2.496300</td>\n      <td>0.107</td>\n      <td>0.0779</td>\n      <td>1.789</td>\n      <td>12.69</td>\n      <td>7.59</td>\n      <td>8.30</td>\n      <td>19.3</td>\n      <td>2135</td>\n      <td>861.14</td>\n    </tr>\n    <tr>\n      <th>L-N6</th>\n      <td>2.457938</td>\n      <td>0.132</td>\n      <td>0.0122</td>\n      <td>1.842</td>\n      <td>13.04</td>\n      <td>8.14</td>\n      <td>8.39</td>\n      <td>18.9</td>\n      <td>375</td>\n      <td>814.86</td>\n    </tr>\n    <tr>\n      <th>L-N7</th>\n      <td>2.329974</td>\n      <td>0.151</td>\n      <td>0.0000</td>\n      <td>2.081</td>\n      <td>12.82</td>\n      <td>7.98</td>\n      <td>8.65</td>\n      <td>20.5</td>\n      <td>1850</td>\n      <td>911.43</td>\n    </tr>\n    <tr>\n      <th>L-N8</th>\n      <td>2.320129</td>\n      <td>0.150</td>\n      <td>0.0987</td>\n      <td>1.630</td>\n      <td>12.73</td>\n      <td>7.82</td>\n      <td>8.38</td>\n      <td>19.9</td>\n      <td>1850</td>\n      <td>932.57</td>\n    </tr>\n    <tr>\n      <th>L-N9</th>\n      <td>2.207525</td>\n      <td>0.126</td>\n      <td>0.0314</td>\n      <td>1.803</td>\n      <td>12.76</td>\n      <td>7.32</td>\n      <td>8.17</td>\n      <td>19.7</td>\n      <td>540</td>\n      <td>752.00</td>\n    </tr>\n    <tr>\n      <th>L-N10</th>\n      <td>2.329974</td>\n      <td>0.123</td>\n      <td>0.0889</td>\n      <td>2.081</td>\n      <td>12.96</td>\n      <td>7.52</td>\n      <td>8.25</td>\n      <td>19.3</td>\n      <td>1850</td>\n      <td>911.43</td>\n    </tr>\n    <tr>\n      <th>L-N11</th>\n      <td>2.320129</td>\n      <td>0.445</td>\n      <td>0.0540</td>\n      <td>1.630</td>\n      <td>13.08</td>\n      <td>7.22</td>\n      <td>8.19</td>\n      <td>20.0</td>\n      <td>1850</td>\n      <td>932.57</td>\n    </tr>\n    <tr>\n      <th>L-N12</th>\n      <td>2.207525</td>\n      <td>0.345</td>\n      <td>0.0340</td>\n      <td>1.803</td>\n      <td>12.94</td>\n      <td>7.32</td>\n      <td>8.17</td>\n      <td>20.1</td>\n      <td>540</td>\n      <td>752.00</td>\n    </tr>\n    <tr>\n      <th>L-P1</th>\n      <td>2.374400</td>\n      <td>0.134</td>\n      <td>0.0203</td>\n      <td>2.000</td>\n      <td>12.42</td>\n      <td>8.02</td>\n      <td>9.11</td>\n      <td>19.0</td>\n      <td>210</td>\n      <td>746.29</td>\n    </tr>\n    <tr>\n      <th>L-P2</th>\n      <td>2.349181</td>\n      <td>0.117</td>\n      <td>0.0195</td>\n      <td>1.880</td>\n      <td>12.38</td>\n      <td>8.37</td>\n      <td>9.10</td>\n      <td>19.3</td>\n      <td>485</td>\n      <td>757.71</td>\n    </tr>\n    <tr>\n      <th>L-P3</th>\n      <td>2.144786</td>\n      <td>0.114</td>\n      <td>0.0264</td>\n      <td>2.070</td>\n      <td>12.48</td>\n      <td>8.28</td>\n      <td>8.55</td>\n      <td>19.8</td>\n      <td>540</td>\n      <td>735.43</td>\n    </tr>\n    <tr>\n      <th>L-P4</th>\n      <td>2.219100</td>\n      <td>0.113</td>\n      <td>0.0959</td>\n      <td>1.510</td>\n      <td>12.42</td>\n      <td>8.66</td>\n      <td>8.37</td>\n      <td>19.5</td>\n      <td>1145</td>\n      <td>738.86</td>\n    </tr>\n    <tr>\n      <th>L-P5</th>\n      <td>2.114266</td>\n      <td>0.117</td>\n      <td>0.0990</td>\n      <td>1.800</td>\n      <td>12.40</td>\n      <td>8.16</td>\n      <td>8.34</td>\n      <td>20.0</td>\n      <td>1310</td>\n      <td>781.14</td>\n    </tr>\n    <tr>\n      <th>L-P6</th>\n      <td>2.357951</td>\n      <td>0.098</td>\n      <td>0.0929</td>\n      <td>1.810</td>\n      <td>12.18</td>\n      <td>8.08</td>\n      <td>8.25</td>\n      <td>19.5</td>\n      <td>430</td>\n      <td>784.57</td>\n    </tr>\n    <tr>\n      <th>L-P7</th>\n      <td>2.279794</td>\n      <td>0.098</td>\n      <td>0.0845</td>\n      <td>2.140</td>\n      <td>12.52</td>\n      <td>8.59</td>\n      <td>8.30</td>\n      <td>19.9</td>\n      <td>1695</td>\n      <td>817.14</td>\n    </tr>\n    <tr>\n      <th>L-P8</th>\n      <td>2.361871</td>\n      <td>0.088</td>\n      <td>0.0822</td>\n      <td>1.560</td>\n      <td>12.44</td>\n      <td>8.58</td>\n      <td>8.32</td>\n      <td>20.1</td>\n      <td>1320</td>\n      <td>864.00</td>\n    </tr>\n    <tr>\n      <th>L-P9</th>\n      <td>2.027600</td>\n      <td>0.098</td>\n      <td>0.0990</td>\n      <td>2.000</td>\n      <td>12.24</td>\n      <td>8.36</td>\n      <td>8.29</td>\n      <td>18.8</td>\n      <td>1260</td>\n      <td>788.00</td>\n    </tr>\n    <tr>\n      <th>L-P10</th>\n      <td>2.279794</td>\n      <td>0.123</td>\n      <td>0.0932</td>\n      <td>2.140</td>\n      <td>12.44</td>\n      <td>8.18</td>\n      <td>7.73</td>\n      <td>19.9</td>\n      <td>1695</td>\n      <td>847.43</td>\n    </tr>\n    <tr>\n      <th>L-P11</th>\n      <td>2.361871</td>\n      <td>0.122</td>\n      <td>0.0856</td>\n      <td>1.560</td>\n      <td>12.34</td>\n      <td>8.35</td>\n      <td>7.49</td>\n      <td>20.5</td>\n      <td>1320</td>\n      <td>788.00</td>\n    </tr>\n    <tr>\n      <th>L-P12</th>\n      <td>2.027600</td>\n      <td>0.131</td>\n      <td>0.0830</td>\n      <td>2.000</td>\n      <td>12.56</td>\n      <td>8.35</td>\n      <td>7.37</td>\n      <td>19.9</td>\n      <td>2260</td>\n      <td>847.43</td>\n    </tr>\n    <tr>\n      <th>L-H1</th>\n      <td>2.660000</td>\n      <td>0.090</td>\n      <td>0.0195</td>\n      <td>1.390</td>\n      <td>11.92</td>\n      <td>8.02</td>\n      <td>7.06</td>\n      <td>19.1</td>\n      <td>2655</td>\n      <td>776.00</td>\n    </tr>\n    <tr>\n      <th>L-H2</th>\n      <td>2.500000</td>\n      <td>0.070</td>\n      <td>0.0195</td>\n      <td>1.190</td>\n      <td>12.10</td>\n      <td>8.37</td>\n      <td>7.98</td>\n      <td>19.7</td>\n      <td>2080</td>\n      <td>886.29</td>\n    </tr>\n    <tr>\n      <th>L-H3</th>\n      <td>1.940000</td>\n      <td>0.074</td>\n      <td>0.0203</td>\n      <td>1.350</td>\n      <td>12.32</td>\n      <td>8.28</td>\n      <td>7.84</td>\n      <td>19.3</td>\n      <td>1775</td>\n      <td>796.57</td>\n    </tr>\n    <tr>\n      <th>L-H4</th>\n      <td>1.910000</td>\n      <td>0.138</td>\n      <td>0.0201</td>\n      <td>1.200</td>\n      <td>12.24</td>\n      <td>8.66</td>\n      <td>7.62</td>\n      <td>19.6</td>\n      <td>1840</td>\n      <td>761.14</td>\n    </tr>\n    <tr>\n      <th>L-H5</th>\n      <td>1.900000</td>\n      <td>0.174</td>\n      <td>0.0390</td>\n      <td>1.310</td>\n      <td>12.08</td>\n      <td>8.60</td>\n      <td>7.86</td>\n      <td>19.7</td>\n      <td>870</td>\n      <td>969.71</td>\n    </tr>\n    <tr>\n      <th>L-H6</th>\n      <td>1.870000</td>\n      <td>0.121</td>\n      <td>0.0193</td>\n      <td>1.180</td>\n      <td>12.22</td>\n      <td>8.43</td>\n      <td>7.87</td>\n      <td>19.6</td>\n      <td>2355</td>\n      <td>814.29</td>\n    </tr>\n    <tr>\n      <th>L-H7</th>\n      <td>1.920000</td>\n      <td>0.128</td>\n      <td>0.0232</td>\n      <td>1.270</td>\n      <td>12.26</td>\n      <td>8.43</td>\n      <td>7.38</td>\n      <td>19.7</td>\n      <td>1490</td>\n      <td>849.14</td>\n    </tr>\n    <tr>\n      <th>L-H8</th>\n      <td>1.920000</td>\n      <td>0.121</td>\n      <td>0.0195</td>\n      <td>1.150</td>\n      <td>12.08</td>\n      <td>8.64</td>\n      <td>7.26</td>\n      <td>18.4</td>\n      <td>755</td>\n      <td>1003.43</td>\n    </tr>\n    <tr>\n      <th>L-H9</th>\n      <td>1.980000</td>\n      <td>0.125</td>\n      <td>0.0200</td>\n      <td>1.430</td>\n      <td>12.32</td>\n      <td>8.61</td>\n      <td>7.84</td>\n      <td>19.2</td>\n      <td>1805</td>\n      <td>962.29</td>\n    </tr>\n    <tr>\n      <th>L-H10</th>\n      <td>1.650000</td>\n      <td>0.109</td>\n      <td>0.0195</td>\n      <td>1.220</td>\n      <td>12.38</td>\n      <td>8.27</td>\n      <td>7.35</td>\n      <td>19.5</td>\n      <td>1035</td>\n      <td>860.00</td>\n    </tr>\n    <tr>\n      <th>L-H11</th>\n      <td>2.590000</td>\n      <td>0.114</td>\n      <td>0.0236</td>\n      <td>1.270</td>\n      <td>12.26</td>\n      <td>8.48</td>\n      <td>7.95</td>\n      <td>19.5</td>\n      <td>885</td>\n      <td>841.14</td>\n    </tr>\n    <tr>\n      <th>L-H12</th>\n      <td>2.500000</td>\n      <td>0.084</td>\n      <td>0.0395</td>\n      <td>1.300</td>\n      <td>8.72</td>\n      <td>8.77</td>\n      <td>7.98</td>\n      <td>20.3</td>\n      <td>1435</td>\n      <td>921.14</td>\n    </tr>\n  </tbody>\n</table>\n</div>"
     },
     "execution_count": 19,
     "metadata": {},
     "output_type": "execute_result"
    }
   ],
   "source": [
    "# 调整列顺序\n",
    "df = df[\n",
    "    ['W-TN', 'W-NO_{3}^{-}', 'W-NO_{2}^{-}', 'W-NH_{4}^{+}', 'W-COD', 'W-DO', 'W-pH', 'W-T',\n",
    "     'S-TN', 'S-TP']]\n",
    "df"
   ],
   "metadata": {
    "collapsed": false,
    "pycharm": {
     "name": "#%%\n"
    }
   }
  },
  {
   "cell_type": "code",
   "execution_count": 22,
   "outputs": [
    {
     "data": {
      "text/plain": "<Figure size 1800x1200 with 0 Axes>"
     },
     "metadata": {},
     "output_type": "display_data"
    },
    {
     "data": {
      "text/plain": "<Figure size 1440x1080 with 10 Axes>",
